127.0.0.1:7200
umaxO.jpg
Bytes en el datagrama: 268
Bytes recibidos: 1000
Datos recibidos:
-1 -40 -1 -32 0 16 74 70 73 70 0 1 1 0 0 1 0 1 0 0
-1 -2 0 88 67 82 69 65 84 79 82 58 32 88 86 32 86 101 114 115
105 111 110 32 51 46 49 48 97 32 32 82 101 118 58 32 49 50 47 50
57 47 57 52 32 40 80 78 71 32 112 97 116 99 104 32 49 46 50 41
32 32 81 117 97 108 105 116 121 32 61 32 55 53 44 32 83 109 111 111
116 104 105 110 103 32 61 32 48 10 -1 -37 0 67 0 8 6 6 7 6
5 8 7 7 7 9 9 8 10 12 20 13 12 11 11 12 25 18 19 15
20 29 26 31 30 29 26 28 28 32 36 46 39 32 34 44 35 28 28 40
55 41 44 48 49 52 52 52 31 39 57 61 56 50 60 46 51 52 50 -1
-37 0 67 1 9 9 9 12 11 12 24 13 13 24 50 33 28 33 50 50
50 50 50 50 50 50 50 50 50 50 50 50 50 50 50 50 50 50 50 50
50 50 50 50 50 50 50 50 50 50 50 50 50 50 50 50 50 50 50 50
50 50 50 50 50 50 50 50 -1 -64 0 17 8 0 22 0 78 3 1 34
0 0 0 0 45 0 0 0 Escritos: 1000
127.0.0.1:7200
umaxO.jpg
Bytes en el datagrama: 268
Bytes recibidos: 615
Datos recibidos:
20 14 -32 30 74 -114 51 -102 -7 -122 -39 89 53 11 112 -61 4 -56 -121 -16
36 26 -24 -66 39 120 -110 93 127 -59 13 0 46 -74 -102 106 -3 -110 24 -40
-111 -13 47 14 -40 -55 25 44 15 35 25 85 92 -14 40 82 -48 -25 -85 -127
-91 -19 -94 -96 -67 -37 93 -98 -45 -32 31 -119 -10 -2 55 -66 -69 -78 125 60
88 92 66 -117 36 105 -10 -113 52 -54 -89 59 -120 -7 87 24 -7 125 126 -11
31 16 126 35 93 -8 14 -18 -44 31 15 61 -11 -99 -62 100 93 125 -85 -53
81 38 78 83 27 27 -100 0 125 -14 113 -48 -41 -49 30 25 -15 4 -98 24
-15 69 -90 -85 106 92 -57 12 -97 58 -9 120 -49 4 30 64 39 31 -122 64
-81 124 -8 -81 -30 109 22 47 -122 -27 -26 -114 59 -45 -86 -90 -53 36 14 -67
74 -25 -51 -9 11 -63 -56 7 -110 -93 -116 -28 82 122 28 117 -88 70 21 85
-106 -116 -89 -81 -4 119 -16 -2 -99 -90 -40 92 105 86 -14 106 119 23 75 -67
-19 -53 -7 38 -35 121 24 115 -122 -7 -78 62 -24 -49 28 -25 5 119 118 -2
15 -15 35 120 -85 -61 -80 106 -110 88 61 -116 -78 18 30 -35 -97 126 -34 78
0 0 0 0 45 0 0 0 Escritos: 615
127.0.0.1:7200
umaxO.jpg
Bytes en el datagrama: 268
Bytes recibidos: 0
Datos recibidos:
20 14 -32 30 74 -114 51 -102 -7 -122 -39 89 53 11 112 -61 4 -56 -121 -16
36 26 -24 -66 39 120 -110 93 127 -59 13 0 46 -74 -102 106 -3 -110 24 -40
-111 -13 47 14 -40 -55 25 44 15 35 25 85 92 -14 40 82 -48 -25 -85 -127
-91 -19 -94 -96 -67 -37 93 -98 -45 -32 31 -119 -10 -2 55 -66 -69 -78 125 60
88 92 66 -117 36 105 -10 -113 52 -54 -89 59 -120 -7 87 24 -7 125 126 -11
31 16 126 35 93 -8 14 -18 -44 31 15 61 -11 -99 -62 100 93 125 -85 -53
81 38 78 83 27 27 -100 0 125 -14 113 -48 -41 -49 30 25 -15 4 -98 24
-15 69 -90 -85 106 92 -57 12 -97 58 -9 120 -49 4 30 64 39 31 -122 64
-81 124 -8 -81 -30 109 22 47 -122 -27 -26 -114 59 -45 -86 -90 -53 36 14 -67
74 -25 -51 -9 11 -63 -56 7 -110 -93 -116 -28 82 122 28 117 -88 70 21 85
-106 -116 -89 -81 -4 119 -16 -2 -99 -90 -40 92 105 86 -14 106 119 23 75 -67
-19 -53 -7 38 -35 121 24 115 -122 -7 -78 62 -24 -49 28 -25 5 119 118 -2
15 -15 35 120 -85 -61 -80 106 -110 88 61 -116 -78 18 30 -35 -97 126 -34 78
0 0 0 0 45 0 0 0 