-1 -40 -1 -32 0 16 74 70 73 70 0 1 1 0 0 1 0 1 0 0
-1 -2 0 88 67 82 69 65 84 79 82 58 32 88 86 32 86 101 114 115
105 111 110 32 51 46 49 48 97 32 32 82 101 118 58 32 49 50 47 50
57 47 57 52 32 40 80 78 71 32 112 97 116 99 104 32 49 46 50 41
32 32 81 117 97 108 105 116 121 32 61 32 55 53 44 32 83 109 111 111
116 104 105 110 103 32 61 32 48 10 -1 -37 0 67 0 8 6 6 7 6
5 8 7 7 7 9 9 8 10 12 20 13 12 11 11 12 25 18 19 15
20 29 26 31 30 29 26 28 28 32 36 46 39 32 34 44 35 28 28 40
55 41 44 48 49 52 52 52 31 39 57 61 56 50 60 46 51 52 50 -1
-37 0 67 1 9 9 9 12 11 12 24 13 13 24 50 33 28 33 50 50
50 50 50 50 50 50 50 50 50 50 50 50 50 50 50 50 50 50 50 50
50 50 50 50 50 50 50 50 50 50 50 50 50 50 50 50 50 50 50 50
50 50 50 50 50 50 50 50 -1 -64 0 17 8 0 22 0 78 3 1 34
0 2 17 1 3 17 1 -1 -60 0 31 0 0 1 5 1 1 1 1 1
1 0 0 0 0 0 0 0 0 1 2 3 4 5 6 7 8 9 10 11
-1 -60 0 -75 16 0 2 1 3 3 2 4 3 5 5 4 4 0 0 1
125 1 2 3 0 4 17 5 18 33 49 65 6 19 81 97 7 34 113 20
50 -127 -111 -95 8 35 66 -79 -63 21 82 -47 -16 36 51 98 114 -126 9 10
22 23 24 25 26 37 38 39 40 41 42 52 53 54 55 56 57 58 67 68
69 70 71 72 73 74 83 84 85 86 87 88 89 90 99 100 101 102 103 104
105 106 115 116 117 118 119 120 121 122 -125 -124 -123 -122 -121 -120 -119 -118 -110 -109
-108 -107 -106 -105 -104 -103 -102 -94 -93 -92 -91 -90 -89 -88 -87 -86 -78 -77 -76 -75
-74 -73 -72 -71 -70 -62 -61 -60 -59 -58 -57 -56 -55 -54 -46 -45 -44 -43 -42 -41
-40 -39 -38 -31 -30 -29 -28 -27 -26 -25 -24 -23 -22 -15 -14 -13 -12 -11 -10 -9
-8 -7 -6 -1 -60 0 31 1 0 3 1 1 1 1 1 1 1 1 1 0
0 0 0 0 0 1 2 3 4 5 6 7 8 9 10 11 -1 -60 0 -75
17 0 2 1 2 4 4 3 4 7 5 4 4 0 1 2 119 0 1 2
3 17 4 5 33 49 6 18 65 81 7 97 113 19 34 50 -127 8 20 66
-111 -95 -79 -63 9 35 51 82 -16 21 98 114 -47 10 22 36 52 -31 37 -15
23 24 25 26 38 39 40 41 42 53 54 55 56 57 58 67 68 69 70 71
72 73 74 83 84 85 86 87 88 89 90 99 100 101 102 103 104 105 106 115
116 117 118 119 120 121 122 -126 -125 -124 -123 -122 -121 -120 -119 -118 -110 -109 -108 -107
-106 -105 -104 -103 -102 -94 -93 -92 -91 -90 -89 -88 -87 -86 -78 -77 -76 -75 -74 -73
-72 -71 -70 -62 -61 -60 -59 -58 -57 -56 -55 -54 -46 -45 -44 -43 -42 -41 -40 -39
-38 -30 -29 -28 -27 -26 -25 -24 -23 -22 -14 -13 -12 -11 -10 -9 -8 -7 -6 -1
-38 0 12 3 1 0 2 17 3 17 0 63 0 -12 -17 28 -8 -29 -2 16
-49 -80 127 -60 -69 -19 -97 107 -13 63 -27 -65 -105 -73 110 -33 -10 78 115 -69
-12 -86 -6 -73 -60 104 116 -1 0 5 105 -2 35 -126 -64 -36 11 -87 82 22
-128 -51 -77 -53 98 -116 -57 -26 -38 115 -126 -72 -24 51 92 -57 -57 47 -7 -127
127 -37 -57 -2 -45 -82 103 86 -44 108 -91 -8 61 -91 89 71 121 3 93 -57
-88 111 120 4 -125 -52 85 -37 32 -55 94 -96 114 57 -9 21 -101 122 -77 -35
-95 -127 -91 58 20 38 -29 126 102 -17 -65 119 -9 29 -73 -4 46 8 -49 -123
95 89 26 55 -17 18 -11 109 77 -65 -38 -69 20 44 31 118 -49 -10 72 -58
63 26 -33 -16 55 -113 109 -68 105 13 -56 22 -33 99 -70 -73 110 96 -13 60
-52 -95 28 54 -19 -93 -66 70 61 -67 -21 -62 -128 35 -31 -43 -55 61 -11 104
127 -12 84 -107 -115 103 -87 94 -23 2 -31 -83 95 -53 -5 101 -85 -37 -71 42
14 -24 -104 -31 -121 62 -72 35 -4 -26 -114 102 107 83 45 -95 56 73 65 89
-34 -53 86 123 4 31 29 109 103 -43 -30 -74 26 19 -91 -84 -109 -120 -4 -9
-70 -7 -107 11 99 113 64 -121 -100 115 -128 125 -77 -34 -69 47 27 -8 -26 -49
-63 -102 20 26 -125 -63 -10 -71 -82 92 36 22 -62 80 -123 -58 50 88 -109 -110
20 14 -32 30 74 -114 51 -102 -7 -122 -39 89 53 11 112 -61 4 -56 -121 -16
36 26 -24 -66 39 120 -110 93 127 -59 13 0 46 -74 -102 106 -3 -110 24 -40
-111 -13 47 14 -40 -55 25 44 15 35 25 85 92 -14 40 82 -48 -25 -85 -127
-91 -19 -94 -96 -67 -37 93 -98 -45 -32 31 -119 -10 -2 55 -66 -69 -78 125 60
88 92 66 -117 36 105 -10 -113 52 -54 -89 59 -120 -7 87 24 -7 125 126 -11
31 16 126 35 93 -8 14 -18 -44 31 15 61 -11 -99 -62 100 93 125 -85 -53
81 38 78 83 27 27 -100 0 125 -14 113 -48 -41 -49 30 25 -15 4 -98 24
-15 69 -90 -85 106 92 -57 12 -97 58 -9 120 -49 4 30 64 39 31 -122 64
-81 124 -8 -81 -30 109 22 47 -122 -27 -26 -114 59 -45 -86 -90 -53 36 14 -67
74 -25 -51 -9 11 -63 -56 7 -110 -93 -116 -28 82 122 28 117 -88 70 21 85
-106 -116 -89 -81 -4 119 -16 -2 -99 -90 -40 92 105 86 -14 106 119 23 75 -67
-19 -53 -7 38 -35 121 24 115 -122 -7 -78 62 -24 -49 28 -25 5 119 118 -2
15 -15 35 120 -85 -61 -80 106 -110 88 61 -116 -78 18 30 -35 -97 126 -34 78
62 108 12 -28 96 -12 -29 56 -19 95 33 -23 51 91 88 107 22 55 90 -124
15 45 -104 112 -18 -111 -111 -72 -90 72 36 103 -72 -63 -58 113 -45 -73 90 -5
59 73 -5 15 -10 77 -87 -45 90 54 -78 49 41 -123 -93 57 86 92 112 65
-17 77 24 87 -124 97 -94 68 26 -26 -125 -89 -8 -117 79 54 90 -116 2 88
-77 -71 79 66 -121 -90 65 -20 107 -123 111 -126 -38 57 -72 86 91 -21 -127 24
-22 -92 2 127 58 40 -94 -56 -104 98 42 -45 92 -80 -109 75 -55 -77 122 -21
-31 -66 -125 115 -31 -59 -47 68 79 28 34 85 -101 -52 86 -7 -9 -128 70 127
34 70 61 -21 62 111 -124 -102 13 -58 -115 109 -89 73 37 -63 22 -14 59 -57
46 -17 -104 110 -58 71 -65 65 69 20 88 74 -75 72 -85 41 63 -68 101 -17
-63 -1 0 15 -35 -34 69 116 36 -72 -118 68 84 4 -93 125 -30 -96 0 113
-8 10 -122 -37 -32 -73 -122 -19 -75 4 -70 87 -72 33 27 62 89 99 -126 61
40 -94 -117 11 -37 84 -75 -71 -99 -67 75 -102 -41 -62 63 11 107 30 81 22
-51 106 -15 -28 110 -123 -114 88 122 30 106 -107 -33 -63 95 15 94 -63 109 28
-9 55 -78 53 -68 126 82 59 -50 -20 66 2 72 80 9 32 1 -109 -128 49
-42 -118 40 18 -87 52 -84 -103 -91 -88 -4 43 -16 -50 -91 -31 -5 93 38 91
93 -85 108 -37 -93 -99 56 112 79 94 71 99 -57 29 56 30 -107 -79 -31 47
10 -37 120 63 74 109 54 -54 -30 -30 91 111 48 -70 44 -50 91 97 61 66
-25 -96 -49 56 -11 36 -9 52 81 65 55 118 -79 -1 -39 